0001846655
0001846809
0001846833
0001846868
0001847112
0001847201
000184735X
0001847430
0001847473
000184749X
0001847600
000184766X
0001847678
0001847708
0001847724
0001847732
0001847759
0001847775
0001847856
0001847872
0001847902
0001847929
0001847953
0001848011
0001848062
0001848097
0001848100
0001848186
0001848194
0001848283
0001848321
0001848372
0001848429
0001848453
0001848461
0001848488
0001848542
0001848607
0001848771
0001848798
0001849034
0001849131
0001849190
0001849255
0001849611
000184962X
0001849816
0001849883
0001849905
0001849948
0001850016
0001850024
0001850032
0001850040
0001850059
0001850067
0001850075
0001850083
0001850091
0001850105
0001850113
0001850121
000185013X
0001850148
0001850156
0001850164
0001850180
0001850199
0001850210
0001850237
0001850288
0001850865
0001850903
0001850938
0001851217
0001851284
0001853465
0001853473
000185349X
0001853503
0001853546
0001853929
0001854143
0001854275
0001855018
0001855042
0001855085
0001855093
0001855115
0001856014
0001856103
0001856138
0001856219
0001856359
0001856367
0001856413
0001856448
0001856480
0001856499
0001856553
0001856588
0001856596
0001856685
0001856758
0001856871
0001857029
0001857142
0001857169
000185724X
0001857258
0001857282
0001857452
0001857479
0001900056
0001900099
0001900110
0001900129
0001900552
0001900706
0001900714
0001900749
000190082X
0001909835
000191104X
0001911058
0001911198
0001911228
0001911244
0001911252
0001911260
000191135X
0001911376
000191152X
0001911600
0001911651
0001912011
0001912119
0001912232
0001912739
0001912836
0001913026
0001913042
0001913085
0001913352
000191359X
0001913689
0001921215
0001921428
0001921436
0001921479
0001921487
0001921568
0001921576
0001921649
0001921657
0001922351
0001922432
0001922475
0001922556
0001922904
0001923021
000192303X
0001923102
0001923129
0001923293
0001923412
0001923463
0001923471
0001923641
0001923668
0001923854
0001923943
0001923951
0001924052
0001925644
0001925830
0001926039
000192608X
0001926233
000192625X
0001926322
0001926500
0001930028
0001931245
000193192X
0001931938
0001932012
0001932098
0001932136
0001932144
0001932152
0001932160
0001932241
000193225X
0001932268
0001932349
0001932519
0001934074
000193418X
000193452X
0001934856
0001934864
0001935283
0001935968
0001936182
0001936328
0001936395
0001936573
0001936832
0001937030
0001937162
0001937294
0001937421
0001937782
0001937847
0001937987
0001938134
0001938576
0001938789
0001939092
0001939114
0001939203
0001939467
0001939505
0001939521
000193953X
0001939572
0001939580
0001939777
0001940163
0001941011
0001941046
0001941062
0001941070
0001941089
0001941097
0001941100
0001941119
0001941178
0001941194
0001941232
0001941607
0001941623
0001941631
0001941836
0001941844
0001941941
0001941968
0001942018
0001942050
0001942093
0001942107
0001942115
0001942123
0001942131
000194214X
0001942158
0001942166
0001942174
0001942182
0001942190
0001942204
0001942212
0001942220
0001942298
0001942638
0001942646
0001943022
0001943308
0001944002
0001944061
000194407X
0001944088
0001944096
0001944134
0001944150
0001944258
0001944266
0001944274
0001944282
0001944290
0001944304
0001944339
0001944355
0001944363
0001944371
000194438X
0001944398
0001944444
0001944452
0001944479
0001944487
0001944517
0001944533
0001944541
000194455X
0001944568
0001944576
0001944584
0001944592
0001944606
0001944622
0001944649
0001944657
0001944711
000194472X
0001944738
0001944746
0001944827
0001944835
0001944851
0001944908
0001944924
0001945130
0001945203
0001945300
0001945319
0001945327
0001945343
0001945351
000194536X
0001945378
0001945386
0001945408
0001945416
0001945467
0001945475
0001945483
0001945491
0001945521
0001946129
0001946137
0001946145
0001946528
0001946552
0001947540
0001947559
0001947575
0001947826
0001947834
0001947842
0001948024
0001948040
000194830X
0001948326
0001948393
0001948415
0001948423
0001948776
0001949160
0001949179
0001949187
0001949586
0001950061
000195010X
0001950150
0001950169
0001950177
0001950193
0001950207
0001950215
0001950223
0001950266
0001950282
0001950290
0001950320
0001950339
000195041X
0001950436
0001950444
0001950487
0001950541
0001950584
0001950614
0001950681
0001951025
0001951157
0001951416
0001951483
0001951548
0001951572
0001951769
0001952056
0001952110
0001952188
000195220X
0001952293
0001952404
000195251X
0001952722
0001952730
000195279X
0001952803
0001952889
0001952900
0001952927
0001952951
000195315X
0001953168
0001953222
0001953303
0001953508
0001953699
0001953729
0001953745
000195377X
0001953788
0001953869
0001953877
0001953893
0001953966
0001954016
0001954164
0001954474
0001954547
0001954563
000195458X
0001954628
0001954652
0001954792
0001954881
0001954954
0001954962
0001955071
0001955322
0001955667
0001955810
0001956213
0001956264
0001956272
0001956388
0001956434
0001956582
0001956620
0001956671
000195685X
0001956906
000195752X
0001957554
0001957651
0001957694
0001957813
000195783X
0001957864
0001958046
0001958178
0001958380
0001958453
0001958461
0001958577
0001958658
0001958682
0001958690
0001958747
0001959026
0001959069
0001959077
0001959255
0001959646
0001959727
0001959735
0001959751
0001959808
0001959816
0001960164
0001960172
0001960180
0001961373
0001961853
0001961969
0001963066
0001963074
0001963368
0001963570
0001963848
0001963856
0001963872
000196397X
0001963988
0001964003
000196402X
0001964046
0001964658
0001964755
0001964763
0001964801
0001965166
0001965174
0001965425
0001971700
0001971727
0001971786
0001971808
0001972995
0001974009
0001974203
0001974289
000197906X
0001979086
0001979094
0001979116
0001979124
0001979132
0001979159
0001979191
0001979205
000197923X
0001979302
0001979361
0001979388
0001979450
0001979485
0001979493
0001979507
0001979523
0001979531
0001979604
0001979914
0001980084
0001980572
0001981048
0001981080
0001981099
0001981102
0001981110
0001981161
0001981293
0001981307
0001981315
0001981323
0001981471
0001981617
0001981625
0001981692
0001981706
0001981765
000198179X
0001981854
0001981935
000198196X
0001981978
0001982079
0001982087
0001982109
0001982117
0001982176
0001982311
000198232X
0001982338
0001982346
0001982354
0001982362
0001982389
0001982397
0001982400
0001982419
0001982443
0001982451
000198246X
0001982486
0001982494
0001982508
0001982516
0001982524
0001982559
0001982591
0001982613
0001982648
0001982664
0001982745
0001982761
000198277X
0001982788
0001982796
0001982923
0001982931
000198294X
0001982958
0001983016
0001983164
0001983172
0001983210
0001983237
0001983245
0001983253
000198327X
0001983296
0001983326
0001983350
0001983466
0001983520
0001983563
000198358X
000198361X
0001983679
0001983776
0001983806
0001983857
0001983873
0001983881
000198389X
0001983903
0001983911
0001983938
0001983946
0001983962
0001983970
0001983989
0001983997
0001984020
0001984055
0001984071
0001984144
0001984187
0001984217
0001984225
0002000075
0002000083
0002000091
0002000105
000200013X
0002000164
0002000172
0002000199
0002000202
0002000237
0002000245
0002000253
0002000261
000200027X
0002000288
000200030X
0002000318
0002000326
0002000334
0002000342
0002000369
0002000377
0002000393
0002000415
0002000423
000200044X
0002000466
0002000482
0002000539
0002000547
0002000555
0002000563
0002000571
0002000601
000200061X
0002000628
0002000644
0002000652
0002000687
0002000695
0002000776
0002000784
0002000806
0002000814
0002000822
0002000865
0002000881
000200089X
000200092X
0002000938
0002000946
0002000962
0002000989
0002000997
0002001004
000200285X
0002005018
0002005042
0002005050
0002005069
0002005077
0002005085
0002005107
0002005115
0002005123
000200514X
0002005174
0002005182
0002005220
0002005239
0002005263
000200528X
0002005344
0002005395
0002005425
000200545X
0002005530
0002005557
0002005565
0002005573
000200562X
0002005646
0002005654
0002005662
0002005689
0002005735
0002005786
0002005891
0002005905
0002005948
0002005972
0002006006
0002006170
0002006340
0002006359
0002006391
0002006448
0002006472
0002006499
0002006502
0002006510
0002006588
000200660X
0002006642
0002006650
0002006685
0002006707
0002006715
0002006731
0002006758
0002006774
0002006804
0002006898
0002006901
0002006995
0002007029
0002007053
0002007185
0002007207
0002007266
0002007347
0002007355
0002007649
0002007746
0002007754
0002007762
0002007800
0002007819
0002007878
0002007886
0002007894
0002007916
0002007924
0002007940
0002008017
0002008041
0002008114
000200836X
0002008815
0002008831
0002008866
0002017067
0002019930
0002034026
0002100053
0002103540
0002103648
0002110016
0002110105
0002110202
0002110210
0002110318
0002110326
0002110334
0002110369
0002110385
0002110407
0002110415
0002110423
0002110431
000211044X
0002110466
0002110474
0002110482
0002110504
0002110733
0002110776
0002110857
0002110903
000211092X
0002110970
0002110989
0002111209
0002111217
0002111225
0002111233
0002111241
000211125X
0002111268
0002111276
0002111284
0002111292
0002111306
0002111314
0002111330
0002111357
0002111365
0002111373
0002111381
000211142X
0002111438
0002111446
0002111454
0002111462
0002111470
0002111489
0002111497
0002111527
0002111616
0002111624
0002111632
0002111640
0002111667
0002111683
0002111691
0002111705
0002111713
0002111721
000211173X
0002111748
0002111772
0002111780
0002111802
0002111810
0002111837
0002111845
0002111861
000211187X
0002111888
0002111896
000211190X
0002111918
0002111942
0002111950
0002111969
0002111977
0002111985
0002111993
0002112027
0002112094
0002112213
000211223X
0002112256
0002112264
0002112337
0002112353
0002112361
000211237X
0002112388
0002112396
0002112418
0002112442
0002112450
0002112469
0002112485
0002112523
000211268X
0002112698
0002112701
000211271X
0002112728
0002112736
0002112744
0002112760
0002112779
0002112787
0002112906
0002112922
0002112930
0002112949
0002112957
0002113201
0002113252
0002113260
0002113279
0002113287
0002113295
0002113309
0002113333
0002113341
000211335X
0002113384
0002113511
0002113546
0002113554
0002113562
0002113570
0002113589
0002113597
0002113643
0002113686
0002113708
0002113716
0002113732
0002113783
0002113791
0002113848
0002113856
0002113899
0002113902
0002113929
0002113937
000211397X
0002114038
0002114100
0002114119
0002114127
0002114135
0002114186
0002114208
0002114224
0002114232
0002114240
0002114259
0002114275
0002114283
0002114305
0002114313
0002114321
000211433X
0002114348
0002114356
0002114364
0002114372
0002114380
0002114399
0002114402
0002114410
0002114429
0002114437
0002114445
0002114453
0002114461
000211447X
0002114488
0002114496
0002114534
0002114674
0002114704
0002114712
0002114720
0002114755
0002114763
000211478X
0002114801
000211481X
0002114828
0002114836
0002114844
0002114852
0002114860
0002114879
0002114887
0002114895
0002114933
0002114941
000211495X
0002114984
0002115018
0002115131
0002115263
0002115301
0002115328
0002115352
0002115360
0002115379
0002115387
0002115395
0002115417
0002115484
0002115581
0002115603
0002115670
0002115689
0002115697
0002115743
0002115751
000211576X
0002115778
0002115808
0002115964
0002115980
000211612X
0002116138
0002116162
0002116170
0002116197
0002116219
0002116243
0002116251
0002116286
0002116340
0002116359
0002116383
